date,energy,contingency,regulation,cycle_cost,total,R6SEC,R60SEC,R5MIN,R1SEC,L6SEC,L60SEC,L5MIN,L1SEC
2024-01-01,54097.61505858729,3967.2383233013084,4428.245912130586,3135.003718485934,59358.095575533254,1033.670163318057,519.85900990894,188.27366358608379,2190.102153154894,0.0,0.0,0.0,35.33333333333333
2024-01-02,57485.23227992836,4093.7933355074565,4290.514941904534,3306.6453817282127,62562.895175612124,1155.4800161778535,452.7716279925826,288.02283705004857,2197.518854286972,0.0,0.0,0.0,0.0
2024-01-03,46658.48132516825,4120.123296241336,4314.56938848463,3067.8578853378935,52025.31612455632,1215.43006527124,506.4028719782758,247.66666666666663,2097.0403589918205,0.0,0.0,0.0,53.58333333333333
2024-01-04,43221.33548868804,3798.105719361353,4395.039013653002,3369.6820844959143,48044.79813720648,1033.6768940718912,424.60177760829595,104.68418147217659,2235.1428662089893,0.0,0.0,0.0,0.0
2024-01-05,50445.84126392725,4056.3223268059796,4202.634081979111,3309.7972168665974,55395.00045584575,1169.4875770843591,475.16395153737733,139.9273111557439,2150.0768203618327,42.0,0.0,0.0,79.66666666666666
2024-01-06,46203.656430414274,4114.331861629909,3951.436938301561,3080.8367321997066,51188.58849814603,1214.6844334725997,620.4995754784987,209.18969422396458,2043.3748251215134,0.0,26.583333333333332,0.0,0.0
2024-01-07,56314.13052975115,4169.8117735503165,4558.583333333333,3003.1374635920647,62039.38817304274,1016.9762403583201,445.583019742725,201.86634835088734,2505.386165098384,0.0,0.0,0.0,0.0
2024-01-08,67662.2918002912,3916.039960238472,4010.416666666666,3138.8607458622637,72449.88768133409,1326.302880557051,516.9978458439357,162.78426607509044,1909.9549677623947,0.0,0.0,0.0,0.0
2024-01-09,47341.73200600846,4295.022033289774,4106.419957630826,3304.2816672370836,52438.892329691975,1121.9521612923263,548.755596751929,200.73477278841455,2423.5795024571044,0.0,0.0,0.0,0.0
2024-01-10,51227.252460996315,4039.3581581319872,4386.4954757466885,3327.879466552198,56325.226628322795,1206.5625723699245,462.93758737444165,175.3016323734215,2160.2230326808663,0.0,0.0,0.0,34.33333333333333
2024-01-11,55510.16133966873,3941.9315892966433,4510.407038185637,3101.679574494256,60860.82039265675,965.9389638079441,514.2627220826489,226.97737295030433,2234.7525304557457,0.0,0.0,0.0,0.0
2024-01-12,59482.47814276969,3745.9807824906784,4602.5056013396115,3180.9391682578644,64650.02535834211,1271.7345192810594,456.33068864179825,204.2971576649535,1813.6184169028675,0.0,0.0,0.0,0.0
2024-01-13,55473.55020167345,3916.394038798703,4410.078119075117,3166.9028567644546,60633.119502782814,1133.5298402230414,323.21619893954943,246.66666666666663,2212.9813329694457,0.0,0.0,0.0,0.0
2024-01-14,49613.86543313079,4201.221712907236,4230.983679971133,3339.902513449125,54706.16831256004,1282.5049997093502,434.66449181195344,157.16666666666666,2259.135554719266,0.0,0.0,0.0,67.75
2024-01-15,52258.71604572961,3701.6112089819276,4608.938735174435,3241.4220994580137,57327.84389042796,1083.4070496723862,408.28795474066203,186.4637942899936,2023.452410278886,0.0,0.0,0.0,0.0
2024-01-16,58761.287042789714,4212.005347571348,4326.039430770859,3193.3534576842276,64105.9783634477,1269.60777994845,503.822921351576,194.1791337350285,2244.395512536293,0.0,0.0,0.0,0.0
2024-01-17,40729.14780586271,4321.846872651985,4335.366513627978,3165.2151689064335,46221.146023236244,915.8630612799797,605.8588420056687,225.49408372674608,2207.630885639591,0.0,0.0,0.0,366.99999999999994
2024-01-18,54424.543296533506,4035.049378706554,4545.90817131554,3387.4682946985417,59618.03255185706,1038.4779759235998,557.9907538700925,125.4729642558057,2313.107684657056,0.0,0.0,0.0,0.0
2024-01-19,35327.85475021802,4266.571110353811,4353.114677659405,3540.65206163563,40406.88847659561,1240.6041167066983,511.6514619620484,180.05237808460913,2149.0964869337886,0.0,21.333333333333332,0.0,163.83333333333331
2024-01-20,42045.95275873967,4229.775490970753,4368.156281085914,3191.9417992421622,47451.94273155417,1144.277262126776,543.7067845079732,123.6768866342427,2085.906343772649,0.0,262.16666666666663,0.0,70.0415472624453
2024-01-21,37470.74982671747,3833.95740430484,4814.306643708998,3222.1727629029047,42896.8411118284,851.9178822576218,606.2472638706753,209.32508445222066,2129.800507057656,0.0,0.0,0.0,36.66666666666667
2024-01-22,52815.63810352651,4032.288023348625,4526.916666666666,3313.4237217536543,58061.419071788136,1017.7127657510807,486.877903376141,181.7373910764325,2308.7099631449705,0.0,0.0,0.0,37.25
2024-01-23,41225.78765278532,3963.98627199277,4200.952721721802,3198.3661467893726,46192.36049971053,1060.0725598301806,533.6023938640651,212.47141618391163,2070.6732354479464,44.0,0.0,0.0,43.166666666666664
2024-01-24,60706.6259720087,3796.505962880012,4254.343327260129,3223.697586166467,65533.77767598236,1047.5693171919074,607.1805194144977,236.72281574862689,1905.0333105249797,0.0,0.0,0.0,0.0
2024-01-25,56288.08676157602,4037.2056419917117,4365.333333333333,3138.8607458622637,61551.764991038806,945.390071137538,510.3982818181191,176.16371903005734,2405.253570005997,0.0,0.0,0.0,0.0
2024-01-26,54180.03628312146,4500.365236661928,4125.014143878442,3164.9305598873657,59640.48510377446,1429.4144810590547,482.07527495947,224.63076701260914,2085.9947136307937,0.0,235.75,0.0,42.49999999999999
2024-01-27,25190.171667288523,3896.0633012034746,5155.519467304419,3406.831448878015,30834.9229869184,1094.2425281201927,494.3769528096419,165.45440990004406,1952.156077040263,33.666666666666664,0.0,14.666666666666666,141.49999999999997
2024-01-28,46816.943078640834,3750.7927002428733,4458.174083064097,3040.9326146694502,51984.97724727836,1243.2484437906737,484.0131030971477,187.03333303194697,1836.4978203231049,0.0,0.0,0.0,0.0
2024-01-29,53009.95297617686,4035.3437751626952,4539.17199150497,3200.491029380789,58383.97771346373,1292.510327884605,428.32651998927895,244.34696745909045,2070.1599598297207,0.0,0.0,0.0,0.0
2024-01-30,55582.34644598013,4410.847505828337,4440.183177382531,3101.713080629639,61331.66404856136,1252.0829537287555,585.9145980176754,166.42222141852523,1924.927732663381,0.0,0.0,0.0,481.5
2024-01-31,35270.351379863656,3940.110186115291,4675.396910033813,3309.533188241941,40576.32528777082,1006.4096043360527,432.40342249998855,302.50033901442816,2074.880153598155,0.0,0.0,0.0,123.91666666666666
